Back:
89,44,5,5,5,16,5,5,5,16,5,5,5,16,5,16,5,16,5,5,5,16,5,5,5,5,5,5,5,5,5,16,5,16,5,5,5,16,5,16,5,5,5,5,5,16,5,16,5,5,5,16,5,5,5,5,5,16,5,16,5,5,5,5,5,16,5

Home:
89,44,5,5,5,16,5,5,5,16,5,5,5,16,5,16,5,16,5,5,5,16,5,5,5,5,5,5,5,5,5,16,5,16,5,16,5,16,5,5,5,5,5,5,5,5,5,5,5,5,5,5,5,5,5,16,5,16,5,16,5,16,5,16,5,16,5

Ok:
89,44,5,5,5,16,5,5,5,16,5,5,5,16,5,16,5,16,5,5,5,16,5,5,5,5,5,5,5,5,5,16,5,16,5,5,5,16,5,5,5,16,5,5,5,16,5,5,5,5,5,16,5,5,5,16,5,5,5,16,5,5,5,16,5,16,5

Right:
89,44,5,5,5,16,5,5,5,16,5,5,5,16,5,16,5,16,5,5,5,16,5,5,5,5,5,5,5,5,5,16,5,16,5,16,5,5,5,16,5,16,5,5,5,16,5,5,5,5,5,5,5,16,5,5,5,5,5,16,5,5,5,16,5,16,5

Down:
89,44,5,5,5,16,5,5,5,16,5,5,5,16,5,16,5,16,5,5,5,16,5,5,5,5,5,5,5,5,5,16,5,16,5,16,5,16,5,5,5,5,5,16,5,16,5,5,5,5,5,5,5,5,5,16,5,16,5,5,5,5,5,16,5,16,5

Left:
89,44,5,5,5,16,5,5,5,16,5,5,5,16,5,16,5,16,5,5,5,16,5,5,5,5,5,5,5,5,5,16,5,16,5,5,5,16,5,16,5,16,5,16,5,5,5,5,5,5,5,16,5,5,5,5,5,5,5,5,5,16,5,16,5,16,5

Up:
89,44,5,5,5,16,5,5,5,16,5,5,5,16,5,16,5,16,5,5,5,16,5,5,5,5,5,5,5,5,5,16,5,16,5,16,5,5,5,5,5,16,5,16,5,5,5,5,5,5,5,5,5,16,5,16,5,5,5,5,5,16,5,16,5,16,5

Asterisk:
89,44,5,5,5,16,5,5,5,16,5,5,5,16,5,16,5,16,5,5,5,16,5,5,5,5,5,5,5,5,5,16,5,16,5,16,5,5,5,5,5,5,5,5,5,16,5,16,5,5,5,5,5,16,5,16,5,16,5,16,5,5,5,5,5,16,5

Rewind:
89,44,5,5,5,16,5,5,5,16,5,5,5,16,5,16,5,16,5,5,5,16,5,5,5,5,5,5,5,5,5,16,5,16,5,5,5,5,5,16,5,5,5,16,5,16,5,5,5,5,5,16,5,16,5,5,5,16,5,5,5,5,5,16,5,16,5

Play/Pause:
89,44,5,5,5,16,5,5,5,16,5,5,5,16,5,16,5,16,5,5,5,16,5,5,5,5,5,5,5,5,5,16,5,16,5,5,5,5,5,16,5,16,5,5,5,5,5,16,5,5,5,16,5,16,5,5,5,5,5,16,5,16,5,5,5,16,5

Fast Forward:
89,44,5,5,5,16,5,5,5,16,5,5,5,16,5,16,5,16,5,5,5,16,5,5,5,5,5,5,5,5,5,16,5,16,5,16,5,5,5,16,5,5,5,16,5,5,5,16,5,5,5,5,5,16,5,5,5,16,5,5,5,16,5,5,5,16,5

Netflix:
89,44,5,5,5,16,5,5,5,16,5,5,5,16,5,16,5,16,5,5,5,16,5,5,5,5,5,5,5,5,5,16,5,16,5,16,5,16,5,5,5,16,5,5,5,5,5,16,5,5,5,5,5,5,5,16,5,5,5,16,5,16,5,5,5,16,5
